hitcount: 4888; sampleoutcount: 18265; annotationcount: 16607;
Precison: 0.29433373; Recall: 0.26761565
