hitcount: 15769; sampleoutcount: 18265; annotationcount: 31081;
Precison: 0.50735176; Recall: 0.8633452
